2	1972.75		0.01085		
4	2217.68		0.07282
6	2236.06		0.3057
8	2191.42		1.205
10	2130.86		6.008
12	2083.36		15.36
14	2030.17		56.86
16	1985.25		179.8
18	1946.23		548.8
20	1911.78		1529.0
24	1846.27		18930.0		
28	1792.73		92450.0						* IR 2.442
32	1745.53		318200.0
36	1703.96		37680000.0	# 1888.44	9251000.0	* IR 224.293	(dont trust intensities)	
40	1667.74		6140000.0	# 1852.20	3049000.0	* IR 393.665
46	1620.12		1276000000.0	# 1800.37	811500000.0	*
50	1591.89		1638000000.0	# 1894.76	1324000000.0    *
